# Layer 1
 1.55435530e-01  6.01217153e-01 -9.91453044e-03  1.56123296e-01
  -1.44293652e+00  8.69936406e-02  3.67832999e-01 -7.40370714e-03
  1.30147157e-01  5.02111611e-02 -3.65525638e-02  2.16003608e-02
  9.41895464e-02 -7.77925124e-01  4.98913980e-03 -1.08399453e-01
  4.75153930e-02 -2.52374474e-01  1.43547951e-01  1.43995363e+00
  7.02422014e-02  3.15751676e-02  3.17940236e-02  1.01625044e-01
  1.44484741e-02  9.38409236e-02 -3.21635273e-02  1.44120380e-01
  7.07126064e-02 -1.99171097e-01 -2.57660721e-01 -1.34961360e-01
  -1.28649740e+00  3.82712340e-01  7.47027171e-02 -1.81364825e-01
  2.82424933e-01  5.19309138e-01  8.03749553e-02 -1.26272474e-01
  7.38574200e-02  2.42777276e-01 -8.87626540e-02 -2.00448340e-03
  1.68922129e-01  2.10041926e-01  1.03904004e-02  1.61564347e-01
  1.71689943e-01 -3.09235535e-01  2.54546611e-02 -1.22418336e-01
  1.68387905e-02 -2.53033994e-01 -1.75787413e-01 -4.23420907e-01
  -1.61168874e-02  2.60226217e-01 -2.12561689e-01 -1.67908517e-01
 -1.05202887e-01 -3.77636856e-01  3.89459217e-01 -4.82219159e-01
  -1.94359742e-01  2.21000874e-01  1.53036524e-01 -1.28141356e-01
  -2.47517573e-01  4.48928923e-02  6.08538480e-02  8.41863741e-02
  1.74876145e-01 -4.82151612e-02 -1.74914496e-01  2.02705277e-01
  4.22578429e-01  3.34123640e-02 -1.51992114e-02 -6.00149922e-01
 -9.83784171e-02 -1.42247997e-01  2.20757654e-01  1.61208573e-02
  1.30583101e-01 -9.05043069e-02 -1.35645299e-02 -1.20061120e-01
  2.89525402e-01  3.11402505e-02 -6.21773141e-02  7.44097874e-02
  9.75959323e-02 -3.13077641e-01 -7.95975335e-02  2.70337592e-01
  -8.22302930e-02 -2.45249018e-01  3.63930956e-03  4.34920531e-02
 -3.54705063e-02 -2.02979368e-02 -6.24525673e-02 -1.44374710e-01
  6.85264639e-02 -2.26629120e-02 -1.69872615e-02 -5.40676248e-02
  1.53663106e-01  9.91916440e-03 -5.51397963e-02 -2.84795730e-02
  5.12150852e-02 -5.11104719e-02 -2.74003486e-02  1.03139795e-01
  -8.44818580e-02 -1.17128170e-01 -5.96845561e-02 -1.04753424e-01
  4.17691960e-01 -2.62107862e-02 -1.72155732e-02 -8.65248070e-02
  -1.31041518e+00 -8.05610488e-02 -9.85400722e-01 -4.47146468e-01
  1.51499340e-01 -3.39733587e-01 -1.60328601e-03  1.63011821e-01
  6.15229129e-01  9.20443699e-01 -1.66079372e-01  2.07160572e+00
  -3.80557530e-02  5.62605407e-01 -3.76178265e-01  1.46573307e-01
 -9.44786195e-02 -8.49577835e-01 -1.69277471e-01  2.45480627e-01
  1.17068871e-01  4.18536735e-01  4.90675596e-03  1.96476892e-01
  -1.62337041e-01 -1.66403228e-01  1.27134093e+00 -1.81840539e-01
  -4.12314088e-02  6.64040681e-02  1.26117626e-02  1.71131435e-01
  2.10514913e-01  3.54399044e-01  1.38692301e-01  1.09445121e-01
 -1.60906565e-01  3.15482210e-01  2.09521792e-02  6.96303924e-02
  -9.23573410e-02 -1.45445893e-01  1.13072883e-01  5.92828571e-01
  -2.51642444e-01 -1.36840723e-01  7.00352544e-01  1.43923239e-02
  2.16844172e-01  1.44988724e-01 -8.52946954e-02  1.95215279e-01
  -2.25366173e-03  2.78878687e-01 -9.60417470e-02 -3.41404307e-01
  9.08633185e-03  2.69206673e-02  1.07534385e-01  2.28689511e-01
  -1.21303933e-01  4.74310824e-01  2.30640188e-02 -2.79848626e-01
  1.51278390e-01  2.91619332e-01 -5.80807476e-02  1.38769776e-01
  3.33640588e-01 -1.96260753e-01 -8.81733293e-03 -1.44004254e-01
  5.73822383e-02  1.94776594e-01  1.51223886e-01  5.61224384e-02
 -2.79941422e-01 -4.83041321e-02 -1.56879929e-01  1.83805049e-01
  9.92367074e-02  1.05965093e-01  1.85643445e-01  4.16183558e-01
  -1.23945488e-01  9.73007682e-02  6.69645405e-02  2.40094526e-01
  1.14156713e-01  1.86578728e-01 -4.22335872e-02  1.73042574e-01
  5.03325471e-02  7.89516149e-03 -7.70009645e-02 -6.76805979e-01
 -5.24235203e-02 -9.27939639e-02  9.21340307e-02  1.44045862e-01
  7.17945110e-02 -5.80291172e-02 -8.86885183e-02  1.39032088e-01
  6.29103095e-02 -2.76235349e-02  6.03259865e-02  9.39872270e-02
  1.66358061e-01 -5.50397416e-02 -4.75004064e-02 -4.73158749e-02
  3.60104559e-02  1.06800420e-01  6.43716159e-02  1.20523811e-02
 -1.35914313e+00 -1.11964194e-01  3.49315240e-01  1.60241660e-03
  -2.91028418e-01 -7.95366165e-02 -8.88634456e-01 -3.28537926e-01
  -8.17913482e-02 -1.12660296e-02  1.39621721e-01  9.89805027e-03
  -6.53596111e-02 -2.84865936e-01 -2.02476346e-01 -2.69537218e-01
  -2.64339194e-01 -1.16601036e-01 -6.18036052e-01  9.67009409e-02
  1.00122518e-02 -4.24399562e-02  1.77803177e+00  2.49520375e-01
  6.89199833e-02  2.47427002e-01  6.62748567e-02 -5.45198635e-02
  -9.10256796e-02 -6.41140493e-01 -3.44942810e-01  5.60013201e-02
  7.81894721e-02 -3.16687561e-02  1.45320030e-01 -5.90344238e-02
  2.25442975e-01  4.98111693e-01 -5.95389614e-02  1.48179164e-01
  6.84776734e-02 -5.10390976e-02 -1.37525570e+00 -2.41702213e-01
  -1.29220156e-01  3.06134262e-01 -1.71093761e-01  7.61934445e-01
  -1.48102562e-01  5.64551385e-01 -3.39322319e-01 -4.35595539e-01
  -5.15789425e-02  2.13757921e-02 -4.52399071e-02  7.10737143e-01
  -2.91425581e-01 -2.13836184e-01  2.90852992e-01 -8.88250939e-02
 -2.05849354e-02  2.40234751e-01  5.30004941e-01  1.96302250e-01
  1.82358925e-01  4.31676382e-01  1.45947361e-01  3.00217278e-03
  -2.80398378e-02  2.19285931e-01 -4.92588940e-01 -6.19800771e-01
  5.59707707e-02 -1.10758804e-01  2.54294350e-01  8.32494791e-02
  1.69382318e-01  3.06095554e-01 -2.47949131e-01 -7.31823579e-02
  7.76194542e-02  3.64144687e-01 -1.25390364e-02  2.74648928e-01
  -5.73569844e-03  3.64350402e-01  2.38700872e-01 -2.85241244e-01
  1.84821424e-01  2.23668984e-01 -5.31563498e-02 -1.28500053e-01
  -2.76896266e-01  1.54244033e-01 -5.51315792e-02 -5.08450366e-01
  2.16886528e-01 -4.21074633e-01  3.62850742e-02  4.08164466e-01
  1.96186390e-01  7.00663705e-02  2.08155955e-01  2.39025591e-01
  3.28791488e-01 -1.29293302e-02  3.57295576e-01  4.82595065e-02
  3.55364737e-01 -8.41391540e-02 -8.77462798e-02 -6.24876568e-02
  -1.35212062e-01  5.23220741e-02  1.58734264e-01 -1.68086397e-01
  1.40589634e-01  4.31348920e-02  5.56820083e-02 -2.66768611e-01
 -9.24394787e-02  4.34921852e-03 -9.96213001e-02 -2.24589447e-02
  -1.99000824e-01  2.71135105e-02 -1.68208283e-01 -4.11429782e-03
  -1.25102484e-01 -1.71142886e-02  1.20743544e-01 -6.48098184e-02
  -4.23988918e-02 -1.59127722e-01 -2.00710823e-01 -2.83638915e-01
  5.37704331e-02 -7.29182685e-02 -6.24131491e-02  9.84367895e-02
  4.29563560e-01 -4.64779922e-01 -1.52996700e+00 -4.56283555e-01
  2.17007830e-01 -8.54958971e-01 -3.52133324e-01 -1.28595979e-01
  2.27760181e+00 -7.86406552e-01 -9.47053968e-01  5.79149033e-01
  -4.85610495e-01 -4.84875300e-01 -1.24167401e-01 -1.85412389e+00
  -5.05801297e-01 -3.19788416e-01  3.08249265e-01  6.75727977e-02
 -4.38497720e-01 -3.56340401e-01  8.83677617e-02  6.54601307e-01
  -4.53752018e-01  1.53604753e-01  1.98832771e-01 -1.90448578e+00
  -9.14941363e-01  1.16757481e-01  3.40032227e-01 -3.00725990e-01
  1.11216115e-01  3.37346060e-01  2.71583499e+00  2.79022721e-01
  4.60272865e-01  2.53544500e-01 -1.88449729e-01 -6.29163937e-02
  5.90403670e-01 -2.87335358e-01  1.99909205e-01 -3.35159764e-01
  6.30044776e-01 -2.57617081e+00  2.52323115e-02  1.00720036e+00
  -1.57287923e+00  4.02378491e-01  1.97416828e-01  1.50422610e+00
  -3.11903311e-01 -2.75984017e-01 -3.07330560e-01 -8.83412364e-01
  -5.56849959e-04 -4.84175243e-01 -2.65175402e-01 -1.63528290e-01
 -2.13798242e-01 -7.23834936e-01  1.94207801e-01  6.34426822e-01
  -1.23967605e-01 -1.42677862e-01 -5.64978201e-02 -1.85129243e-01
  1.85981980e-01  2.50558770e-01 -2.55755053e-01  1.47833259e-03
  -2.98593670e-02  5.93345532e-03  2.42406689e-01  1.11463791e-01
  4.22604247e-01  1.24939824e-01  7.91129387e-02 -3.26191058e-02
 -1.74824810e-01 -1.18326621e-01  1.10514175e-01  2.19943452e-01
  3.63316854e-01 -3.87509602e-01  7.44575057e-02  2.60546040e-01
  2.84612275e-01  3.95732548e-02 -1.01887665e-01  3.13214833e-02
  -1.28048073e-01  1.94939160e-01 -8.15985123e-02 -3.38959718e-02
  1.17439380e-01 -3.44544323e-01  1.50967640e-01 -1.09910143e-01
  5.91437716e-01 -3.75271545e-01 -3.16867513e-02 -3.28062051e-01
  3.30394793e-01  1.18181699e-01 -8.88805284e-01 -1.62316120e-01
  2.31308164e-01 -7.04419899e-02 -1.24195925e-01 -5.07609016e-03
  9.66371039e-02 -4.66791158e-01 -1.53484172e-01 -3.46614656e-01
  -4.09646511e-01  3.06135788e-02  1.48158696e+00  1.29181471e-01
 -1.78954659e-01 -2.73267558e-01 -7.29783174e-03  9.95720753e-02
  -6.33507988e-02  1.88252215e-01 -8.50047278e-03 -5.81717243e-01
  -1.23639844e-02  7.82459111e-01 -4.61985276e-01  6.36513858e-02
  2.30300199e-02  3.61705458e-02 -3.06957873e-01  1.48454820e-01
  -1.32928345e-01 -4.16088456e-02 -1.69249997e-01 -3.44662121e-02
 -1.54541031e-01  2.64125492e-01 -1.80494937e-01 -5.95623136e-01
  6.84012661e-02 -2.34214459e-01 -3.34553642e-02  4.25681142e-01
  1.54017631e-01 -4.85934897e-01  3.84068569e-01  3.12585315e-01
  -1.57308030e-01 -3.26071023e-02 -2.88873359e-01 -3.28848557e-01
  7.92452847e-02  2.60633530e-01 -2.31684567e-01 -2.63610734e-01
 -4.12752863e-02 -7.42664463e-03  1.41040515e-01  8.48227547e-02
  -7.09540654e-02  1.59237814e-01 -2.48884778e-01  3.56797479e-02
  1.79126812e-02  1.97131228e-01 -2.05004534e-01 -4.85894585e-02
  4.16798829e-01 -9.95491591e-02 -3.00186145e-02  2.83633729e-01
  -1.70415518e-01 -3.82811448e-02 -3.41691254e-02  3.42933440e-01
 -3.28996272e-02 -3.98982716e-02 -1.23745628e-01 -4.13603700e-03
  1.50566704e-01 -1.46710207e-01  2.71532716e-03 -1.04332187e-01
  -1.11232466e-01 -1.34339734e-02  4.14286002e-02 -5.59371782e-02
  1.32526314e-01  6.10440094e-02  3.30402030e-02 -1.43665044e-01
  7.14766084e-02  8.24623086e-02 -1.65949570e-02 -1.33818696e-02
  6.83021927e-02  5.81598410e-02 -9.23918414e-02 -1.73637493e-02
  1.49363967e-01 -7.66627073e-02 -6.71384242e-02  9.75877679e-02
  7.05825124e-02  1.51678485e-01  8.48118268e-02  8.14324122e-02
  -1.00555776e-01  1.00651059e-01 -9.04908480e-02 -1.33286440e-01
  2.40036930e-02  9.65676021e-02  2.30306917e-02  1.03805040e-01
 -5.15794630e-03  5.08244030e-01  4.60564376e-03 -1.14314661e-01
  1.11094807e-01 -7.18828633e-02  2.37613275e-01 -1.44727215e-01
  2.47964893e-02 -1.77923093e-01 -8.82799563e-02 -4.49588951e-01
  6.98797354e-02  1.28222612e-02 -1.56069412e-01 -7.41231610e-02
  -2.03923394e+00  2.18370443e-01 -3.04339631e-01  2.10499375e-01
 -1.52214462e-02  6.71271046e-03  1.20973069e-03 -7.13931093e-02
  -1.34761047e-01  4.13939637e-01  7.84205062e-02  6.12403352e-02
  -1.92282976e-01 -2.33811810e-01  5.26437713e-01  6.69951388e-02
  1.45479225e-01  4.02302613e-02  2.40381382e-03  7.48868624e-03
  8.32217573e-02  1.13746991e-01  1.02309063e-01 -7.33326965e-02
  4.68447944e-02  3.62006358e-01 -2.49902888e-01  1.12043654e-01
  2.11220662e-01  5.80604640e-02  8.95551716e-02  4.87650733e-01
  4.89457883e-02  1.89007665e-01 -4.69012032e-01  1.02923643e-01
  -1.93884728e-01  6.08977380e-02 -2.35387080e-01 -3.26153031e-02
  5.37035443e-02 -6.08283276e-02 -4.41788064e-02 -9.09768324e-02
 -2.19401384e-01  1.11653788e-02  3.70209611e-01 -9.44581564e-02
  -5.04177527e-01  5.51498480e-01  5.72367807e-01  3.10835872e-01
  -2.71077773e-01 -1.13402037e-02  3.36739644e-01 -1.43712490e-01
  3.04538774e-01  7.14537138e-02  1.06348554e-01  4.21640313e-01
  -3.53983891e-01 -8.56802772e-02  6.21337241e-02  3.79011586e-01
 -7.64506844e-02  1.26254553e-01  1.78411559e-01  4.66067850e-02
  4.26314498e-02  2.53842503e-02 -1.73721374e-01  7.88262315e-02
  -5.99912098e-02  6.76788378e-02  3.11268836e-02 -1.25427819e-01
  -1.08203263e-01 -3.30555168e-02 -4.72996608e-02  1.12544731e-01
  1.98141400e-01 -7.68555549e-02  1.91291430e-01  2.26026787e-01
  7.07163673e-02  1.12658753e-01  1.08027817e-02 -5.39385461e-02
  6.84554756e-02  1.20131076e-01  7.54782752e-03  1.29209556e-01
  1.88584190e-02 -1.85173860e-02  6.76561645e-02 -5.41142216e-02
  1.15536479e-01  2.01942252e-02 -7.17761416e-02  1.17499207e-01
  1.32417391e-01 -6.77423071e-02 -3.61722448e-02 -1.40711171e-01
 -1.83138617e-01  5.92762444e-01  2.59337783e-02 -3.39624868e+00
  7.31370004e-02 -1.91280746e-02  1.51353405e-01 -6.63523310e-02
  1.22827906e-02 -2.39640734e-01 -3.84629705e-05 -4.11720629e-01
  9.77979769e-02 -5.70042058e-02 -9.87711853e-02 -9.05219195e-02
  -9.90297930e-02  2.29985898e-01 -2.00173587e-01  2.06193177e-01
  2.21715337e-01  2.89707030e-01 -1.52373029e-02  3.81281838e-01
  8.30591368e-02 -6.09916738e-02 -3.52244702e-02 -1.04882458e-01
  7.64093520e-03  2.29160178e-01 -3.60810758e-02  7.49078642e-02
  5.00574902e-02  4.60661853e-01 -6.61461788e-02 -7.11936084e-02
  1.27773098e-01 -1.30351126e+00  3.11199541e-01  2.99981494e-01
  6.65779653e-02  2.70717521e-01  8.87292015e-02  1.44367389e-01
  3.96308910e-02  1.16808171e-01  5.78345590e-02  2.34263912e-01
  -6.03880557e-03  1.47963363e-01 -1.31463139e-01 -4.28252554e-02
  -1.47072910e-01  1.58109331e-03 -8.19408340e-02  8.36778942e-02
  2.04464379e-01  1.05240665e-01 -5.10421489e-02  1.51587875e-01
  1.71910877e-02 -6.81107023e-02 -3.78715084e-02  9.64432034e-02
  3.11376920e-01  8.40565824e-02 -5.60491051e-02  1.45996967e-01
  8.86544070e-02 -4.53660292e-02  1.36095368e-01  1.60514476e-01
  2.52206470e-01 -7.08487751e-02 -1.17602918e-01  2.43884440e-01
  3.42636978e-01  2.07255730e-01 -1.19584467e-01 -5.29340108e-01
  4.20834249e-02  7.10770286e-02 -8.38503623e-02 -1.57769099e-01
  3.11815054e-03 -1.13937412e-01  1.15533840e-01  1.68432699e-02
  4.81354998e-02 -6.88911463e-03  5.09672302e-02  1.48784770e-01
  -5.82218610e-02  1.09481098e-01  2.67366721e-01 -1.04976068e-01
  1.28631466e-01  1.06782360e-01 -1.79155842e-01 -2.11130249e-01
  1.41590396e-01 -1.46939332e-02  9.19922365e-02  6.48447084e-02
  -1.27587790e-01  7.25199163e-02  9.33341252e-02  1.30102513e-01
  3.18925925e-02  3.05510892e-02  5.66895759e-02 -1.40143761e-01
  -2.69787772e-02 -1.47389191e-01  9.35242858e-02  1.23680253e-01
  -7.42800904e-02  5.59373535e-02  7.57904053e-02 -1.05692544e-01
  1.94081177e-01  5.21806980e-01  2.19354096e-01 -5.73201999e-02
  1.58140768e+00  1.49864162e-01  4.73260354e-01  2.76812801e-01
  7.97784436e-01  9.20329314e-01  2.72806868e-01  9.52883911e-01
  6.98121935e-01  1.17932481e+00  1.94019856e+00  1.15026166e+00
  -2.98679369e-01  4.80461266e-01  5.44255251e-01  1.93771464e-01

# Layer 2
 2.04283545
 0.69049143
 1.99048541
 -1.0429251 
 -1.82554731
 1.89820364
 -2.4062155 
 1.87247907
 2.60655501
 2.53046661
 1.94466043
 1.76574474
 -2.39517641
 -2.74855798
 3.28960062
 1.35701082
 -1.58040804
 -2.03097771
 -1.51286628
 -2.13114566
 0.60123735